100
Nodes:
	  0: input 
	  1: input 
	  2: input 
	  3: input 
	  4: input 
	  5: input 
	  6: input 
	  7: input 
	  8: input 
	  9: input 
	 10: output
	 11: output
	 12: output
	 13: output
	 14: output

Connections:
[1437.599628915334, 805.5780127256768, 791.7261694225551, 777.088820145442, 776.6649070030767, 832.858212565062, 951.2189797185797, 776.9458559313972, 795.0883992298538, 781.8185346799645, 783.6817821250953, 866.5829143913027, 756.6064188484531, 803.9859650881854, 1105.7753514367366, 777.0121083028034, 954.1085334008301, 820.3627945283757, 1183.8443670123966, 787.4443841196338, 869.446420097227, 1706.6453682052036, 829.506899676397, 750.24973012431, 1295.1394235112184, 841.3006889975221, 768.314118688854, 904.0686253188335, 775.361415709109, 786.3940079972408, 773.7058507133582, 778.8730750808807, 767.4659999416738, 756.2125067270663, 753.7890525982717, 766.0761742920693, 804.169485467995, 1005.2756413168122, 748.683680447279, 806.9431961763981, 867.9096749162966, 855.8551137525603, 742.0983824049524, 1016.3048008459145, 762.0039938309296, 928.7266425022956, 1354.0831088518485, 829.7691202641797, 761.8083757454209, 771.6757628275044, 788.7684326074175, 4438.427124746191, 766.6048560048895, 866.5562190300859, 766.8677177156669, 817.9189492055746, 850.966237292343, 842.6378368402302, 820.4374337380076, 862.9922028363541, 736.0883541064438, 811.8458721121441, 903.6948301990598, 1077.4259137719723, 827.2530853524038, 839.4769461951247, 794.5502579094622, 742.1442981482577, 1041.8650019417255, 791.4204521492653, 752.7594488015593, 742.157216532166, 814.6324572806178, 810.3828778381115, 800.8386671834239, 818.5934094716025, 813.8629328285996, 945.1643510201648, 793.9788748377362, 796.6271108848475, 619.5042761794907, 785.3886202730099, 756.7247046382644, 208.0920453098976, 256.3105483541633, 792.066986898652, 1077.613779431856, 246.99174680490668, 1013.5049539601905, 734.8300366668292, 856.8159095969514, 313.2773011283132, 678.7478712763445, 212.6778966215335, 832.7456410924812, 372.2132519370817, 797.6667738368621, 781.7509311629262, 742.5835404458421, 934.5028394078771]