100
Nodes:
	  0: input 
	  1: input 
	  2: input 
	  3: input 
	  4: input 
	  5: input 
	  6: input 
	  7: input 
	  8: input 
	  9: input 
	 10: output
	 11: output
	 12: output
	 13: output
	 14: output

Connections:
[1927.691986835221, 359.2680782033131, 799.281239701288, 1120.2257391383696, 638.4667741578191, 764.0352739185332, 854.9944564878541, 759.1098518464996, 826.5595288664052, 988.1951900223378, 953.7984819402352, 770.6936371752655, 774.791705007104, 834.3628822343354, 846.4267429556188, 834.4985479291468, 749.3377167766894, 770.6816281394877, 1146.7512472450458, 830.4195782364638, 742.5021763745777, 961.5158391943546, 936.7792992426938, 922.6364969428718, 850.2119892507527, 840.9235348239548, 581.5882374374256, 782.8303858170153, 934.703922982819, 718.4221240205748, 1050.7022370466887, 748.2017038799959, 875.4203772818655, 787.9553946644372, 779.8707829316259, 821.7984075353247, 1003.5123690671326, 776.204005160427, 580.9834070748171, 787.2692272015913, 993.9386067410321, 748.8684364467815, 748.4710492833647, 750.5294661588505, 847.8344568830403, 905.9796940218239, 743.1227067370796, 960.5896631545208, 860.1941130248538, 1026.4279540339141, 748.5937637141916, 794.117881895585, 780.1529330216102, 786.0671096652264, 834.3533787903503, 787.8855021218957, 1103.0880487661984, 806.5467970113533, 824.4460995269081, 886.5818378490087, 846.250379414711, 819.6915588182565, 745.1015531098658, 800.8551833186905, 769.5112144456875, 754.7265892684726, 247.43616241267787, 760.4173936570994, 282.552741556486, 805.4695407164996, 582.9951413670027, 2740.3473225774237, 729.3153888510885, 870.9038658280579, 806.5369982533163, 758.1767050864906, 840.4913405373098, 860.6814864427339, 881.7949197286109, 782.2187859505729, 782.938677384998, 827.4509071868277, 956.8393584582275, 739.4003092136898, 773.3475086782602, 1485.3130109242234, 867.2946639313259, 940.3541610982237, 914.2572911170955, 821.8358553786729, 202.89930633577748, 765.15244269538, 1022.7141259853927, 565.9008871928904, 588.305257510115, 846.6350578622796, 790.2967445434563, 758.7942285037095, 910.8176980182513, 201.04234546786034]